1088.63361602
1   1  0   98  96 97 84 60 16 98 95 
1   2  0   94  14 42 37 85 15 90 36 
1   3  0   85  57 52 5 93 12 
1   4  0   100  1 56 41 13 43 99 86 
1   5  0   98  73 74 55 38 24 54 23 28 79 39 
1   6  0   98  72 20 3 66 22 40 
1   7  0   72  91 92 58 94 
1   0  0   97  25 11 53 71 21 
2   1  0   93  61 18 10 62 89 31 19 
2   2  0   99  0 49 2 67 76 75 
2   3  0   94  81 7 45 47 6 30 
2   4  0   96  9 63 48 35 46 87 
2   5  0   38  26 27 68 
2   6  0   100  32 80 78 77 33 34 70 
2   7  0   99  88 59 4 83 44 82 17 51 
2   0  0   97  69 29 65 64 8 50 
