5905.5443015
1   1  0   498  26 172 136 123 4 89 220 128 228 0 30 60 132 17 
1   2  0   492  176 236 38 232 175 31 16 39 54 65 37 55 241 
1   3  0   337  1 205 64 82 216 
1   4  0   496  121 174 46 167 112 79 193 196 41 9 237 56 192 
1   5  0   477  124 8 229 57 182 219 35 
1   6  0   369  63 213 12 147 113 169 
1   7  0   457  68 15 101 135 218 14 58 51 83 
1   8  0   482  189 7 214 125 242 225 23 102 10 
1   9  0   450  111 71 204 230 107 98 201 138 70 52 227 
1   10  0   480  81 156 42 222 224 248 145 61 
1   11  0   310  162 223 234 202 130 240 
1   12  0   473  72 165 184 18 190 78 29 53 
1   13  0   316  203 197 206 95 212 2 117 122 
1   0  0   494  194 149 105 188 120 247 166 88 152 25 100 
2   1  0   482  140 103 80 3 114 144 208 75 94 207 
2   2  0   247  151 179 215 62 
2   3  0   431  199 127 173 142 239 97 116 110 
2   4  0   93  24 
2   5  0   485  153 154 243 233 141 69 67 231 20 
2   6  0   438  119 22 47 13 106 44 160 49 87 76 186 
2   7  0   491  43 104 96 28 226 59 157 133 146 50 84 
2   8  0   477  198 36 221 131 158 126 200 77 66 
2   9  0   479  21 195 170 180 74 161 168 164 5 134 115 
2   10  0   488  45 92 211 246 85 148 150 90 178 
2   11  0   497  163 171 185 99 137 32 210 48 11 129 73 
2   12  0   433  235 91 177 40 19 108 109 209 
2   13  0   435  155 33 181 27 86 187 159 139 6 245 
2   0  0   499  143 191 217 183 238 34 118 93 244 
